16402340648898576259 6676
4930045732715690907 8804
12880836608232425837 4742
12915955549601987341 10609
9650825107828813331 8325
15526028622956089799 10336
2502035391230471425 6209
15853128622907501618 10998
5927839881638111779 772
10401897726906340770 12917
13809264402949553256 517
10337284137396712599 8417
11804613234143795680 4272
1747396438969899618 15220
10793024687343967268 4370
9653455977775025322 8675
17958958460533823978 8628
15728902631838719949 8661
11094988759400090551 8741
9126089495421187711 8786
11792873335939269456 8708
2041446826323695850 10594
16363819506192525565 6547
10126790926956236715 10724
